startYear
2005
2001
2006
2005
1992
2006
2002
1994
2005
2005
2005
1955
1998
2005
1993
2006
1980
1979
2006
2005
2005
2005
2005
2005
1904
2002
2004
2004
1979
1980
1980
2005
2005
2005
1980
2005
2005
2004
1960
1980
1960
2005
1963
1964
2005
2004
2005
1980
1964
1980
2005
2005
1980
2006
2006
2005
1918
1911
1928
2005
1914
1910
2005
1962
1994
2001
2005
1954
1899
2005
1980
1964
2005
1961
1964
1961
1969
1959
2005
2004
2006
1967
2005
2005
2004
2005
1987
1960
2005
2005
2005
1973
2005
2005
1977
2005
2005
1960
2004
1929
2005
2005
1905
2005
2005
2004
2004
2005
1989
2006
2005
2005
2005
1996
2005
1984
1975
2004
"La paz no es un camino
1985
2005
2004
1903
1955
1957
1971
2005
1965
1903
1937
1903
2005
1960
1903
1910
1903
1903
2002
1903
1903
2005
2006
2006
1903
1910
2005
1903
1966
1989
1903
2005
1903
2005
2005
1903
1903
2005
2005
1903
2005
1969
1965
1962
1911
1901
2006
1903
2005
1903
1918
2004
1903
2001
1981
1903
1995
1902
2005
1978
2004
1980
1980
2005
1999
2005
1903
2005
2005
1929
1956
2005
2004
1968
1980
2004
2002
1966
2005
2005
2004
2005
1998
1979
2005
2006
2006
2005
2006
2003
 and the Blue"
2005
2005
1979
2006
2004
2002
2006
2005
2005
2008
2004
2005
2008
2003
2005
2005
2004
2009
2004
2003
2005
2006
2005
2009
2005
1979
1975
2004
2004
2003
2005
2005
1996
2005
1995
2005
2000
2005
2004
2006
2008
2005
2004
2006
2005
2003
1985
2005
1988
2001
1961
1991
1993
2001
1965
1965
2007
1988
1932
2006
2005
2006
2006
2006
1912
1911
1919
2006
1933
"Clear Cut: The Story of Philomath
1912
2003
2005
2006
2005
1917
1911
1911
2007
2004
2004
2004
2006
2006
2006
1914
2005
1918
1932
2005
2006
1912
1911
2004
2006
1943
1918
2006
1914
2006
"Hello
1918
2006
2005
1956
1920
2005
1928
1914
2003
2003
1911
2006
2004
2005
2005
1920
2006
1914
1912
"Lot 63
"Madame Cicéron
1911
2004
2005
1911
1922
1922
1920
"Marie
2006
2006
2006
2005
1952
2006
2006
1931
1914
2006
1912
2004
2005
1925
2006
1911
1911
2006
1911
2005
1912
1909
1912
2004
1990
2006
2006
1913
2003
1992
1913
2006
1954
2004
2006
2006
1995
1936
1991
2005
2001
1918
1911
1909
1916
2006
2005
2005
1911
1911
2003
2006
1912
1935
2016
1957
2006
2006
1998
2006
2005
1938
1931
1990
2006
2005
2005
2005
2005
2005
2006
2005
2005
2002
2005
2005
1986
2004
2008
2004
2000
"Ala verde
2002
2002
2005
2005
2005
2005
2006
1944
2002
2002
2000
2004
2001
2007
2005
2004
2005
2001
2005
2005
2005
"Ferreri
2005
2005
2005
2001
2004
1988
2005
2005
2003
2005
2006
2006
2005
2005
2005
2000
2006
2003
2005
2003
2005
2006
2003
2005
2005
2002
2005
2005
2005
2007
1977
1982
2004
2005
2005
1972
2005
2004
1969
2005
2005
2005
2005
1982
2005
2005
2005
2003
2005
2005
2005
2005
2005
1994
1997
2005
2006
2001
2004
2005
1997
1991
2005
2005
2006
2004
2005
2006
2002
"2
2006
2004
2005
1999
2003
1979
1987
2004
1998
2003
2005
2004
2005
2000
1980
2005
2003
2005
1979
2005
2005
2005
2007
2005
2002
2004
\N
2005
2004
1997
2005
2000
2000
1947
2005
2005
2005
2005
2005
1985
2005
2005
2005
2005
2005
2006
2002
2005
2005
1983
"The I Do Diaries: Beg
2005
2005
1999
2005
2002
2004
2003
2006
2005
2005
2006
2008
1991
2004
2006
2005
2002
2005
1931
1972
2005
1985
2005
2004
2004
2005
2005
2004
2005
\N
2005
2004
 and Pistoleros"
Comedy
2005
1999
1997
2005
2006
2006
1995
1975
2005
2003
2005
1983
2005
2004
2005
2004
2005
2003
2006
2005
2005
2004
2004
1995
2003
2005
2003
1998
2000
2004
2003
2005
2005
2003
2006
2005
2005
1983
2005
2006
2001
1968
2005
2005
2005
2005
2004
2003
2005
2002
2004
2004
1964
1973
1998
2002
2005
2002
2005
2005
2004
2003
2000
2003
2005
2003
1990
1999
2005
1988
2005
2005
2005
2006
1980
2005
2005
2005
2004
2005
1999
2005
2005
2005
2005
2005
2002
2003
2005
"Bullrun: Cops
2005
 Gadgets"
2005
2004
2004
2006
2002
2005
2006
2006
2007
2006
2005
2005
2006
2005
2005
2007
2005
2005
2005
2006
2006
2005
2007
2006
2007
2017
2008
2007
2005
2006
2005
2005
2006
2005
2006
2005
2007
2005
2006
2006
2007
2006
2005
2006
2006
2006
2003
2005
1999
2006
2009
2005
2001
2002
2006
2007
2005
2006
2007
2006
2007
2008
2005
2006
2006
2009
2006
2005
2006
2006
2006
2005
2006
2006
2005
2006
2009
2008
2006
2006
"Yesterday
1987
1996
1999
1994
1970
1962
1999
1996
1996
1996
1996
1981
1996
"Sabado loco
1996
1996
2005
1952
1964
